{
 "cells": [
  {
   "cell_type": "markdown",
   "metadata": {},
   "source": [
    "## Email Similarity - implementing a Naives Bayes classifier on different datasets."
   ]
  },
  {
   "cell_type": "code",
   "execution_count": 42,
   "metadata": {},
   "outputs": [],
   "source": [
    "from sklearn.datasets import fetch_20newsgroups\n",
    "from sklearn.naive_bayes import MultinomialNB\n",
    "from sklearn.feature_extraction.text import CountVectorizer\n",
    "import plotly.graph_objects as go\n",
    "import numpy as np"
   ]
  },
  {
   "cell_type": "markdown",
   "metadata": {},
   "source": [
    "Download the dataset first"
   ]
  },
  {
   "cell_type": "code",
   "execution_count": 18,
   "metadata": {},
   "outputs": [],
   "source": [
    "data = fetch_20newsgroups()"
   ]
  },
  {
   "cell_type": "code",
   "execution_count": 19,
   "metadata": {},
   "outputs": [
    {
     "name": "stdout",
     "output_type": "stream",
     "text": [
      "['alt.atheism', 'comp.graphics', 'comp.os.ms-windows.misc', 'comp.sys.ibm.pc.hardware', 'comp.sys.mac.hardware', 'comp.windows.x', 'misc.forsale', 'rec.autos', 'rec.motorcycles', 'rec.sport.baseball', 'rec.sport.hockey', 'sci.crypt', 'sci.electronics', 'sci.med', 'sci.space', 'soc.religion.christian', 'talk.politics.guns', 'talk.politics.mideast', 'talk.politics.misc', 'talk.religion.misc']\n"
     ]
    }
   ],
   "source": [
    "print(data.target_names)"
   ]
  },
  {
   "cell_type": "code",
   "execution_count": 31,
   "metadata": {},
   "outputs": [
    {
     "data": {
      "text/plain": [
       "20"
      ]
     },
     "execution_count": 31,
     "metadata": {},
     "output_type": "execute_result"
    }
   ],
   "source": [
    "len(data.target_names)"
   ]
  },
  {
   "cell_type": "markdown",
   "metadata": {},
   "source": [
    "We want only the baseball and hockey categories"
   ]
  },
  {
   "cell_type": "code",
   "execution_count": 9,
   "metadata": {},
   "outputs": [],
   "source": [
    "emails = fetch_20newsgroups(categories = ['rec.sport.baseball', 'rec.sport.hockey'])"
   ]
  },
  {
   "cell_type": "markdown",
   "metadata": {},
   "source": [
    "Verifying that the categories are the correct ones"
   ]
  },
  {
   "cell_type": "code",
   "execution_count": 10,
   "metadata": {},
   "outputs": [
    {
     "name": "stdout",
     "output_type": "stream",
     "text": [
      "['rec.sport.baseball', 'rec.sport.hockey']\n"
     ]
    }
   ],
   "source": [
    "print(emails.target_names)"
   ]
  },
  {
   "cell_type": "markdown",
   "metadata": {},
   "source": [
    "Our interest in this dataset is to see how effective the NB Classifier is at telling the difference between a baseball email and a hockey email. Here's a random email out of our dataset."
   ]
  },
  {
   "cell_type": "code",
   "execution_count": 12,
   "metadata": {},
   "outputs": [
    {
     "name": "stdout",
     "output_type": "stream",
     "text": [
      "From: mmb@lamar.ColoState.EDU (Michael Burger)\n",
      "Subject: More TV Info\n",
      "Distribution: na\n",
      "Nntp-Posting-Host: lamar.acns.colostate.edu\n",
      "Organization: Colorado State University, Fort Collins, CO  80523\n",
      "Lines: 36\n",
      "\n",
      "United States Coverage:\n",
      "Sunday April 18\n",
      "  N.J./N.Y.I. at Pittsburgh - 1:00 EDT to Eastern Time Zone\n",
      "  ABC - Gary Thorne and Bill Clement\n",
      "\n",
      "  St. Louis at Chicago - 12:00 CDT and 11:00 MDT - to Central/Mountain Zones\n",
      "  ABC - Mike Emerick and Jim Schoenfeld\n",
      "\n",
      "  Los Angeles at Calgary - 12:00 PDT and 11:00 ADT - to Pacific/Alaskan Zones\n",
      "  ABC - Al Michaels and John Davidson\n",
      "\n",
      "Tuesday, April 20\n",
      "  N.J./N.Y.I. at Pittsburgh - 7:30 EDT Nationwide\n",
      "  ESPN - Gary Thorne and Bill Clement\n",
      "\n",
      "Thursday, April 22 and Saturday April 24\n",
      "  To Be Announced - 7:30 EDT Nationwide\n",
      "  ESPN - To Be Announced\n",
      "\n",
      "\n",
      "Canadian Coverage:\n",
      "\n",
      "Sunday, April 18\n",
      "  Buffalo at Boston - 7:30 EDT Nationwide\n",
      "  TSN - ???\n",
      "\n",
      "Tuesday, April 20\n",
      "  N.J.D./N.Y. at Pittsburgh - 7:30 EDT Nationwide\n",
      "  TSN - ???\n",
      "\n",
      "Wednesday, April 21\n",
      "  St. Louis at Chicago - 8:30 EDT Nationwide\n",
      "  TSN - ???\n",
      "\n",
      "\n",
      "\n",
      "\n"
     ]
    }
   ],
   "source": [
    "print(emails.data[5])"
   ]
  },
  {
   "cell_type": "code",
   "execution_count": 13,
   "metadata": {},
   "outputs": [
    {
     "name": "stdout",
     "output_type": "stream",
     "text": [
      "1\n"
     ]
    }
   ],
   "source": [
    "print(emails.target[5])"
   ]
  },
  {
   "cell_type": "code",
   "execution_count": 16,
   "metadata": {},
   "outputs": [
    {
     "name": "stdout",
     "output_type": "stream",
     "text": [
      "rec.sport.hockey\n"
     ]
    }
   ],
   "source": [
    "print(emails.target_names[1])"
   ]
  },
  {
   "cell_type": "markdown",
   "metadata": {},
   "source": [
    "From the random email we extracted out of the dataset, we can conclude that it's a hockey related email"
   ]
  },
  {
   "cell_type": "markdown",
   "metadata": {},
   "source": [
    "## Creating the model"
   ]
  },
  {
   "cell_type": "markdown",
   "metadata": {},
   "source": [
    "Splitting our data"
   ]
  },
  {
   "cell_type": "code",
   "execution_count": 20,
   "metadata": {},
   "outputs": [],
   "source": [
    "train_emails = fetch_20newsgroups(categories = ['rec.sport.baseball', 'rec.sport.hockey'], subset='train', shuffle=True, random_state=108)"
   ]
  },
  {
   "cell_type": "code",
   "execution_count": 21,
   "metadata": {},
   "outputs": [],
   "source": [
    "test_emails = fetch_20newsgroups(categories = ['rec.sport.baseball', 'rec.sport.hockey'], subset='test', shuffle=True, random_state=108)"
   ]
  },
  {
   "cell_type": "markdown",
   "metadata": {},
   "source": [
    "We want to transform these emails into lists of word counts. We can use the CountVectorizer for that."
   ]
  },
  {
   "cell_type": "code",
   "execution_count": 22,
   "metadata": {},
   "outputs": [],
   "source": [
    "counter = CountVectorizer()"
   ]
  },
  {
   "cell_type": "markdown",
   "metadata": {},
   "source": [
    "We need to tell counter what possible words can exist in our email."
   ]
  },
  {
   "cell_type": "code",
   "execution_count": 23,
   "metadata": {},
   "outputs": [
    {
     "data": {
      "text/plain": [
       "CountVectorizer(analyzer='word', binary=False, decode_error='strict',\n",
       "                dtype=<class 'numpy.int64'>, encoding='utf-8', input='content',\n",
       "                lowercase=True, max_df=1.0, max_features=None, min_df=1,\n",
       "                ngram_range=(1, 1), preprocessor=None, stop_words=None,\n",
       "                strip_accents=None, token_pattern='(?u)\\\\b\\\\w\\\\w+\\\\b',\n",
       "                tokenizer=None, vocabulary=None)"
      ]
     },
     "execution_count": 23,
     "metadata": {},
     "output_type": "execute_result"
    }
   ],
   "source": [
    "counter.fit(test_emails.data + train_emails.data)"
   ]
  },
  {
   "cell_type": "markdown",
   "metadata": {},
   "source": [
    "From there, we can now make a list of the counts of the words in the training set."
   ]
  },
  {
   "cell_type": "code",
   "execution_count": 24,
   "metadata": {},
   "outputs": [],
   "source": [
    "train_counts = counter.transform(train_emails.data)"
   ]
  },
  {
   "cell_type": "markdown",
   "metadata": {},
   "source": [
    "And do the same with the test set"
   ]
  },
  {
   "cell_type": "code",
   "execution_count": 26,
   "metadata": {},
   "outputs": [],
   "source": [
    "test_counts = counter.transform(test_emails.data)"
   ]
  },
  {
   "cell_type": "markdown",
   "metadata": {},
   "source": [
    "Time to create the NB Classifier!"
   ]
  },
  {
   "cell_type": "code",
   "execution_count": 27,
   "metadata": {},
   "outputs": [],
   "source": [
    "classifier = MultinomialNB()"
   ]
  },
  {
   "cell_type": "markdown",
   "metadata": {},
   "source": [
    "Fitting the classifier with our data and the labels associated with it"
   ]
  },
  {
   "cell_type": "code",
   "execution_count": 28,
   "metadata": {},
   "outputs": [
    {
     "data": {
      "text/plain": [
       "MultinomialNB(alpha=1.0, class_prior=None, fit_prior=True)"
      ]
     },
     "execution_count": 28,
     "metadata": {},
     "output_type": "execute_result"
    }
   ],
   "source": [
    "classifier.fit(train_counts, train_emails.target)"
   ]
  },
  {
   "cell_type": "markdown",
   "metadata": {},
   "source": [
    "Testing the classifier's score"
   ]
  },
  {
   "cell_type": "code",
   "execution_count": 29,
   "metadata": {},
   "outputs": [
    {
     "data": {
      "text/plain": [
       "0.9723618090452262"
      ]
     },
     "execution_count": 29,
     "metadata": {},
     "output_type": "execute_result"
    }
   ],
   "source": [
    "classifier.score(test_counts, test_emails.target)"
   ]
  },
  {
   "cell_type": "markdown",
   "metadata": {},
   "source": [
    "## Testing different categories"
   ]
  },
  {
   "cell_type": "code",
   "execution_count": 32,
   "metadata": {},
   "outputs": [],
   "source": [
    "def classifierTester(cat1, cat2):\n",
    "    train_emails = fetch_20newsgroups(categories = [cat1, cat2], subset='train', shuffle=True, random_state=108)\n",
    "    test_emails = fetch_20newsgroups(categories = [cat1, cat2], subset='test', shuffle=True, random_state=108)\n",
    "    \n",
    "    counter = CountVectorizer()\n",
    "    counter.fit(test_emails.data + train_emails.data)\n",
    "    \n",
    "    train_counts = counter.transform(train_emails.data)\n",
    "    test_counts = counter.transform(test_emails.data)\n",
    "    \n",
    "    classifier = MultinomialNB()\n",
    "    classifier.fit(train_counts, train_emails.target)\n",
    "    \n",
    "    return classifier.score(test_counts, test_emails.target)"
   ]
  },
  {
   "cell_type": "code",
   "execution_count": 34,
   "metadata": {},
   "outputs": [],
   "source": [
    "score_list = []\n",
    "\n",
    "for first_cat in data.target_names:\n",
    "    for second_cat in data.target_names:\n",
    "        score_list.append(classifierTester(first_cat, second_cat))\n"
   ]
  },
  {
   "cell_type": "code",
   "execution_count": 35,
   "metadata": {},
   "outputs": [
    {
     "name": "stdout",
     "output_type": "stream",
     "text": [
      "[1.0, 0.9788135593220338, 0.6886395511921458, 0.9915611814345991, 0.9914772727272727, 0.9943977591036415, 0.9887165021156559, 0.9916083916083916, 0.9902370990237099, 0.9874301675977654, 0.9874651810584958, 0.9874125874125874, 0.9901685393258427, 0.9734265734265735, 0.9775596072931276, 0.9651324965132496, 0.9853587115666179, 0.9482014388489208, 0.9570747217806042, 0.8491228070175438, 0.9788135593220338, 1.0, 0.5006385696040868, 0.939820742637644, 0.9431524547803618, 0.860969387755102, 0.975609756097561, 0.9796178343949045, 0.9860228716645489, 0.9847328244274809, 0.9961928934010152, 0.9643312101910828, 0.9232736572890026, 0.9668789808917198, 0.9719029374201787, 0.9796696315120712, 0.9827357237715804, 0.9816993464052287, 0.9814020028612304, 0.975, 0.6886395511921458, 0.5006385696040868, 1.0, 0.5, 0.4980744544287548, 0.5044359949302915, 0.5790816326530612, 0.589873417721519, 0.6136363636363636, 0.7155499367888748, 0.7919293820933165, 0.5822784810126582, 0.5349428208386277, 0.5962025316455696, 0.6104060913705583, 0.7361111111111112, 0.6503957783641161, 0.7480519480519481, 0.6420454545454546, 0.6589147286821705, 0.9915611814345991, 0.939820742637644, 0.5, 1.0, 0.8996138996138996, 0.9428208386277002, 0.9373401534526854, 0.983502538071066, 0.9974683544303797, 0.9961977186311787, 0.9974715549936789, 0.9746192893401016, 0.89171974522293, 0.9796954314720813, 0.9885496183206107, 0.9911392405063291, 0.9933862433862434, 0.98828125, 0.9928774928774928, 0.9906687402799378, 0.9914772727272727, 0.9431524547803618, 0.4980744544287548, 0.8996138996138996, 1.0, 0.9564102564102565, 0.9458064516129032, 0.9846350832266325, 0.9923371647509579, 0.989769820971867, 0.9961734693877551, 0.9667093469910372, 0.9215938303341902, 0.9667093469910372, 0.9884467265725289, 0.9923371647509579, 0.9893190921228304, 0.9829172141918529, 0.981294964028777, 0.9905660377358491, 0.9943977591036415, 0.860969387755102, 0.5044359949302915, 0.9428208386277002, 0.9564102564102565, 1.0, 0.9719745222929936, 0.9873577749683944, 0.987389659520807, 0.9886363636363636, 0.9924433249370277, 0.9759797724399494, 0.9606598984771574, 0.9835651074589128, 0.9784537389100126, 0.9911727616645649, 0.9894598155467721, 0.9909208819714657, 0.9900709219858156, 0.9876160990712074, 0.9887165021156559, 0.975609756097561, 0.5790816326530612, 0.9373401534526854, 0.9458064516129032, 0.9719745222929936, 1.0, 0.9720101781170484, 0.9822335025380711, 0.9796696315120712, 0.991128010139417, 0.9809160305343512, 0.9553001277139208, 0.9681933842239185, 0.985969387755102, 0.9898477157360406, 0.986737400530504, 0.9856396866840731, 0.9842857142857143, 0.9812792511700468, 0.9916083916083916, 0.9796178343949045, 0.589873417721519, 0.983502538071066, 0.9846350832266325, 0.9873577749683944, 0.9720101781170484, 1.0, 0.9748110831234257, 0.9886506935687264, 0.9937106918238994, 0.9873737373737373, 0.973384030418251, 0.9696969696969697, 0.9873417721518988, 0.9962216624685138, 0.9855263157894737, 0.9909326424870466, 0.9631728045325779, 0.9799072642967542, 0.9902370990237099, 0.9860228716645489, 0.6136363636363636, 0.9974683544303797, 0.9923371647509579, 0.987389659520807, 0.9822335025380711, 0.9748110831234257, 1.0, 0.9949685534591195, 0.9924717691342535, 0.9874055415617129, 0.988621997471555, 0.9811083123425692, 0.9949494949494949, 0.9937185929648241, 0.9868766404199475, 0.9857881136950905, 0.9788135593220338, 0.9922958397534669, 0.9874301675977654, 0.9847328244274809, 0.7155499367888748, 0.9961977186311787, 0.989769820971867, 0.9886363636363636, 0.9796696315120712, 0.9886506935687264, 0.9949685534591195, 1.0, 0.9723618090452262, 0.9911727616645649, 0.9949367088607595, 0.9886506935687264, 0.9936788874841972, 0.9924528301886792, 0.9947437582128777, 0.9844760672703752, 0.983026874115983, 0.9922839506172839, 0.9874651810584958, 0.9961928934010152, 0.7919293820933165, 0.9974715549936789, 0.9961734693877551, 0.9924433249370277, 0.991128010139417, 0.9937106918238994, 0.9924717691342535, 0.9723618090452262, 1.0, 0.9911949685534591, 0.9936868686868687, 0.9924528301886792, 0.9949558638083228, 0.9924717691342535, 0.9921363040629095, 0.9870967741935484, 0.9873060648801129, 0.9892307692307692, 0.9874125874125874, 0.9643312101910828, 0.5822784810126582, 0.9746192893401016, 0.9667093469910372, 0.9759797724399494, 0.9809160305343512, 0.9873737373737373, 0.9874055415617129, 0.9911727616645649, 0.9911949685534591, 1.0, 0.9480354879594424, 0.9861111111111112, 0.9822784810126582, 0.9924433249370277, 0.9815789473684211, 0.9870466321243523, 0.9745042492917847, 0.98145285935085, 0.9901685393258427, 0.9232736572890026, 0.5349428208386277, 0.89171974522293, 0.9215938303341902, 0.9606598984771574, 0.9553001277139208, 0.973384030418251, 0.988621997471555, 0.9949367088607595, 0.9936868686868687, 0.9480354879594424, 1.0, 0.9632446134347274, 0.9796696315120712, 0.988621997471555, 0.9907529722589168, 0.9856957087126138, 0.9857752489331437, 0.9875776397515528, 0.9734265734265735, 0.9668789808917198, 0.5962025316455696, 0.9796954314720813, 0.9667093469910372, 0.9835651074589128, 0.9681933842239185, 0.9696969696969697, 0.9811083123425692, 0.9886506935687264, 0.9924528301886792, 0.9861111111111112, 0.9632446134347274, 1.0, 0.9822784810126582, 0.9773299748110831, 0.9868421052631579, 0.9844559585492227, 0.9490084985835694, 0.9706336939721792, 0.9775596072931276, 0.9719029374201787, 0.6104060913705583, 0.9885496183206107, 0.9884467265725289, 0.9784537389100126, 0.985969387755102, 0.9873417721518988, 0.9949494949494949, 0.9936788874841972, 0.9949558638083228, 0.9822784810126582, 0.9796696315120712, 0.9822784810126582, 1.0, 0.9886363636363636, 0.9868073878627969, 0.9844155844155844, 0.9588068181818182, 0.9767441860465116, 0.9651324965132496, 0.9796696315120712, 0.7361111111111112, 0.9911392405063291, 0.9923371647509579, 0.9911727616645649, 0.9898477157360406, 0.9962216624685138, 0.9937185929648241, 0.9924528301886792, 0.9924717691342535, 0.9924433249370277, 0.988621997471555, 0.9773299748110831, 0.9886363636363636, 1.0, 0.994750656167979, 0.9780361757105943, 0.9872881355932204, 0.9183359013867488, 0.9853587115666179, 0.9827357237715804, 0.6503957783641161, 0.9933862433862434, 0.9893190921228304, 0.9894598155467721, 0.986737400530504, 0.9855263157894737, 0.9868766404199475, 0.9947437582128777, 0.9921363040629095, 0.9815789473684211, 0.9907529722589168, 0.9868421052631579, 0.9868073878627969, 0.994750656167979, 1.0, 0.9837837837837838, 0.8427299703264095, 0.9398373983739837, 0.9482014388489208, 0.9816993464052287, 0.7480519480519481, 0.98828125, 0.9829172141918529, 0.9909208819714657, 0.9856396866840731, 0.9909326424870466, 0.9857881136950905, 0.9844760672703752, 0.9870967741935484, 0.9870466321243523, 0.9856957087126138, 0.9844559585492227, 0.9844155844155844, 0.9780361757105943, 0.9837837837837838, 1.0, 0.9256559766763849, 0.9665071770334929, 0.9570747217806042, 0.9814020028612304, 0.6420454545454546, 0.9928774928774928, 0.981294964028777, 0.9900709219858156, 0.9842857142857143, 0.9631728045325779, 0.9788135593220338, 0.983026874115983, 0.9873060648801129, 0.9745042492917847, 0.9857752489331437, 0.9490084985835694, 0.9588068181818182, 0.9872881355932204, 0.8427299703264095, 0.9256559766763849, 1.0, 0.8805704099821747, 0.8491228070175438, 0.975, 0.6589147286821705, 0.9906687402799378, 0.9905660377358491, 0.9876160990712074, 0.9812792511700468, 0.9799072642967542, 0.9922958397534669, 0.9922839506172839, 0.9892307692307692, 0.98145285935085, 0.9875776397515528, 0.9706336939721792, 0.9767441860465116, 0.9183359013867488, 0.9398373983739837, 0.9665071770334929, 0.8805704099821747, 1.0]\n"
     ]
    }
   ],
   "source": [
    "print(score_list)"
   ]
  },
  {
   "cell_type": "code",
   "execution_count": 37,
   "metadata": {},
   "outputs": [
    {
     "name": "stdout",
     "output_type": "stream",
     "text": [
      "400\n"
     ]
    }
   ],
   "source": [
    "print(len(score_list))"
   ]
  },
  {
   "cell_type": "code",
   "execution_count": 44,
   "metadata": {},
   "outputs": [],
   "source": [
    "score_list = np.reshape(score_list, (20, 20))"
   ]
  },
  {
   "cell_type": "code",
   "execution_count": 47,
   "metadata": {},
   "outputs": [
    {
     "data": {
      "application/vnd.plotly.v1+json": {
       "config": {
        "plotlyServerURL": "https://plot.ly"
       },
       "data": [
        {
         "type": "heatmap",
         "z": [
          [
           1,
           0.9788135593220338,
           0.6886395511921458,
           0.9915611814345991,
           0.9914772727272727,
           0.9943977591036415,
           0.9887165021156559,
           0.9916083916083916,
           0.9902370990237099,
           0.9874301675977654,
           0.9874651810584958,
           0.9874125874125874,
           0.9901685393258427,
           0.9734265734265735,
           0.9775596072931276,
           0.9651324965132496,
           0.9853587115666179,
           0.9482014388489208,
           0.9570747217806042,
           0.8491228070175438
          ],
          [
           0.9788135593220338,
           1,
           0.5006385696040868,
           0.939820742637644,
           0.9431524547803618,
           0.860969387755102,
           0.975609756097561,
           0.9796178343949045,
           0.9860228716645489,
           0.9847328244274809,
           0.9961928934010152,
           0.9643312101910828,
           0.9232736572890026,
           0.9668789808917198,
           0.9719029374201787,
           0.9796696315120712,
           0.9827357237715804,
           0.9816993464052287,
           0.9814020028612304,
           0.975
          ],
          [
           0.6886395511921458,
           0.5006385696040868,
           1,
           0.5,
           0.4980744544287548,
           0.5044359949302915,
           0.5790816326530612,
           0.589873417721519,
           0.6136363636363636,
           0.7155499367888748,
           0.7919293820933165,
           0.5822784810126582,
           0.5349428208386277,
           0.5962025316455696,
           0.6104060913705583,
           0.7361111111111112,
           0.6503957783641161,
           0.7480519480519481,
           0.6420454545454546,
           0.6589147286821705
          ],
          [
           0.9915611814345991,
           0.939820742637644,
           0.5,
           1,
           0.8996138996138996,
           0.9428208386277002,
           0.9373401534526854,
           0.983502538071066,
           0.9974683544303797,
           0.9961977186311787,
           0.9974715549936789,
           0.9746192893401016,
           0.89171974522293,
           0.9796954314720813,
           0.9885496183206107,
           0.9911392405063291,
           0.9933862433862434,
           0.98828125,
           0.9928774928774928,
           0.9906687402799378
          ],
          [
           0.9914772727272727,
           0.9431524547803618,
           0.4980744544287548,
           0.8996138996138996,
           1,
           0.9564102564102565,
           0.9458064516129032,
           0.9846350832266325,
           0.9923371647509579,
           0.989769820971867,
           0.9961734693877551,
           0.9667093469910372,
           0.9215938303341902,
           0.9667093469910372,
           0.9884467265725289,
           0.9923371647509579,
           0.9893190921228304,
           0.9829172141918529,
           0.981294964028777,
           0.9905660377358491
          ],
          [
           0.9943977591036415,
           0.860969387755102,
           0.5044359949302915,
           0.9428208386277002,
           0.9564102564102565,
           1,
           0.9719745222929936,
           0.9873577749683944,
           0.987389659520807,
           0.9886363636363636,
           0.9924433249370277,
           0.9759797724399494,
           0.9606598984771574,
           0.9835651074589128,
           0.9784537389100126,
           0.9911727616645649,
           0.9894598155467721,
           0.9909208819714657,
           0.9900709219858156,
           0.9876160990712074
          ],
          [
           0.9887165021156559,
           0.975609756097561,
           0.5790816326530612,
           0.9373401534526854,
           0.9458064516129032,
           0.9719745222929936,
           1,
           0.9720101781170484,
           0.9822335025380711,
           0.9796696315120712,
           0.991128010139417,
           0.9809160305343512,
           0.9553001277139208,
           0.9681933842239185,
           0.985969387755102,
           0.9898477157360406,
           0.986737400530504,
           0.9856396866840731,
           0.9842857142857143,
           0.9812792511700468
          ],
          [
           0.9916083916083916,
           0.9796178343949045,
           0.589873417721519,
           0.983502538071066,
           0.9846350832266325,
           0.9873577749683944,
           0.9720101781170484,
           1,
           0.9748110831234257,
           0.9886506935687264,
           0.9937106918238994,
           0.9873737373737373,
           0.973384030418251,
           0.9696969696969697,
           0.9873417721518988,
           0.9962216624685138,
           0.9855263157894737,
           0.9909326424870466,
           0.9631728045325779,
           0.9799072642967542
          ],
          [
           0.9902370990237099,
           0.9860228716645489,
           0.6136363636363636,
           0.9974683544303797,
           0.9923371647509579,
           0.987389659520807,
           0.9822335025380711,
           0.9748110831234257,
           1,
           0.9949685534591195,
           0.9924717691342535,
           0.9874055415617129,
           0.988621997471555,
           0.9811083123425692,
           0.9949494949494949,
           0.9937185929648241,
           0.9868766404199475,
           0.9857881136950905,
           0.9788135593220338,
           0.9922958397534669
          ],
          [
           0.9874301675977654,
           0.9847328244274809,
           0.7155499367888748,
           0.9961977186311787,
           0.989769820971867,
           0.9886363636363636,
           0.9796696315120712,
           0.9886506935687264,
           0.9949685534591195,
           1,
           0.9723618090452262,
           0.9911727616645649,
           0.9949367088607595,
           0.9886506935687264,
           0.9936788874841972,
           0.9924528301886792,
           0.9947437582128777,
           0.9844760672703752,
           0.983026874115983,
           0.9922839506172839
          ],
          [
           0.9874651810584958,
           0.9961928934010152,
           0.7919293820933165,
           0.9974715549936789,
           0.9961734693877551,
           0.9924433249370277,
           0.991128010139417,
           0.9937106918238994,
           0.9924717691342535,
           0.9723618090452262,
           1,
           0.9911949685534591,
           0.9936868686868687,
           0.9924528301886792,
           0.9949558638083228,
           0.9924717691342535,
           0.9921363040629095,
           0.9870967741935484,
           0.9873060648801129,
           0.9892307692307692
          ],
          [
           0.9874125874125874,
           0.9643312101910828,
           0.5822784810126582,
           0.9746192893401016,
           0.9667093469910372,
           0.9759797724399494,
           0.9809160305343512,
           0.9873737373737373,
           0.9874055415617129,
           0.9911727616645649,
           0.9911949685534591,
           1,
           0.9480354879594424,
           0.9861111111111112,
           0.9822784810126582,
           0.9924433249370277,
           0.9815789473684211,
           0.9870466321243523,
           0.9745042492917847,
           0.98145285935085
          ],
          [
           0.9901685393258427,
           0.9232736572890026,
           0.5349428208386277,
           0.89171974522293,
           0.9215938303341902,
           0.9606598984771574,
           0.9553001277139208,
           0.973384030418251,
           0.988621997471555,
           0.9949367088607595,
           0.9936868686868687,
           0.9480354879594424,
           1,
           0.9632446134347274,
           0.9796696315120712,
           0.988621997471555,
           0.9907529722589168,
           0.9856957087126138,
           0.9857752489331437,
           0.9875776397515528
          ],
          [
           0.9734265734265735,
           0.9668789808917198,
           0.5962025316455696,
           0.9796954314720813,
           0.9667093469910372,
           0.9835651074589128,
           0.9681933842239185,
           0.9696969696969697,
           0.9811083123425692,
           0.9886506935687264,
           0.9924528301886792,
           0.9861111111111112,
           0.9632446134347274,
           1,
           0.9822784810126582,
           0.9773299748110831,
           0.9868421052631579,
           0.9844559585492227,
           0.9490084985835694,
           0.9706336939721792
          ],
          [
           0.9775596072931276,
           0.9719029374201787,
           0.6104060913705583,
           0.9885496183206107,
           0.9884467265725289,
           0.9784537389100126,
           0.985969387755102,
           0.9873417721518988,
           0.9949494949494949,
           0.9936788874841972,
           0.9949558638083228,
           0.9822784810126582,
           0.9796696315120712,
           0.9822784810126582,
           1,
           0.9886363636363636,
           0.9868073878627969,
           0.9844155844155844,
           0.9588068181818182,
           0.9767441860465116
          ],
          [
           0.9651324965132496,
           0.9796696315120712,
           0.7361111111111112,
           0.9911392405063291,
           0.9923371647509579,
           0.9911727616645649,
           0.9898477157360406,
           0.9962216624685138,
           0.9937185929648241,
           0.9924528301886792,
           0.9924717691342535,
           0.9924433249370277,
           0.988621997471555,
           0.9773299748110831,
           0.9886363636363636,
           1,
           0.994750656167979,
           0.9780361757105943,
           0.9872881355932204,
           0.9183359013867488
          ],
          [
           0.9853587115666179,
           0.9827357237715804,
           0.6503957783641161,
           0.9933862433862434,
           0.9893190921228304,
           0.9894598155467721,
           0.986737400530504,
           0.9855263157894737,
           0.9868766404199475,
           0.9947437582128777,
           0.9921363040629095,
           0.9815789473684211,
           0.9907529722589168,
           0.9868421052631579,
           0.9868073878627969,
           0.994750656167979,
           1,
           0.9837837837837838,
           0.8427299703264095,
           0.9398373983739837
          ],
          [
           0.9482014388489208,
           0.9816993464052287,
           0.7480519480519481,
           0.98828125,
           0.9829172141918529,
           0.9909208819714657,
           0.9856396866840731,
           0.9909326424870466,
           0.9857881136950905,
           0.9844760672703752,
           0.9870967741935484,
           0.9870466321243523,
           0.9856957087126138,
           0.9844559585492227,
           0.9844155844155844,
           0.9780361757105943,
           0.9837837837837838,
           1,
           0.9256559766763849,
           0.9665071770334929
          ],
          [
           0.9570747217806042,
           0.9814020028612304,
           0.6420454545454546,
           0.9928774928774928,
           0.981294964028777,
           0.9900709219858156,
           0.9842857142857143,
           0.9631728045325779,
           0.9788135593220338,
           0.983026874115983,
           0.9873060648801129,
           0.9745042492917847,
           0.9857752489331437,
           0.9490084985835694,
           0.9588068181818182,
           0.9872881355932204,
           0.8427299703264095,
           0.9256559766763849,
           1,
           0.8805704099821747
          ],
          [
           0.8491228070175438,
           0.975,
           0.6589147286821705,
           0.9906687402799378,
           0.9905660377358491,
           0.9876160990712074,
           0.9812792511700468,
           0.9799072642967542,
           0.9922958397534669,
           0.9922839506172839,
           0.9892307692307692,
           0.98145285935085,
           0.9875776397515528,
           0.9706336939721792,
           0.9767441860465116,
           0.9183359013867488,
           0.9398373983739837,
           0.9665071770334929,
           0.8805704099821747,
           1
          ]
         ]
        }
       ],
       "layout": {
        "height": 800,
        "template": {
         "data": {
          "bar": [
           {
            "error_x": {
             "color": "#2a3f5f"
            },
            "error_y": {
             "color": "#2a3f5f"
            },
            "marker": {
             "line": {
              "color": "#E5ECF6",
              "width": 0.5
             }
            },
            "type": "bar"
           }
          ],
          "barpolar": [
           {
            "marker": {
             "line": {
              "color": "#E5ECF6",
              "width": 0.5
             }
            },
            "type": "barpolar"
           }
          ],
          "carpet": [
           {
            "aaxis": {
             "endlinecolor": "#2a3f5f",
             "gridcolor": "white",
             "linecolor": "white",
             "minorgridcolor": "white",
             "startlinecolor": "#2a3f5f"
            },
            "baxis": {
             "endlinecolor": "#2a3f5f",
             "gridcolor": "white",
             "linecolor": "white",
             "minorgridcolor": "white",
             "startlinecolor": "#2a3f5f"
            },
            "type": "carpet"
           }
          ],
          "choropleth": [
           {
            "colorbar": {
             "outlinewidth": 0,
             "ticks": ""
            },
            "type": "choropleth"
           }
          ],
          "contour": [
           {
            "colorbar": {
             "outlinewidth": 0,
             "ticks": ""
            },
            "colorscale": [
             [
              0,
              "#0d0887"
             ],
             [
              0.1111111111111111,
              "#46039f"
             ],
             [
              0.2222222222222222,
              "#7201a8"
             ],
             [
              0.3333333333333333,
              "#9c179e"
             ],
             [
              0.4444444444444444,
              "#bd3786"
             ],
             [
              0.5555555555555556,
              "#d8576b"
             ],
             [
              0.6666666666666666,
              "#ed7953"
             ],
             [
              0.7777777777777778,
              "#fb9f3a"
             ],
             [
              0.8888888888888888,
              "#fdca26"
             ],
             [
              1,
              "#f0f921"
             ]
            ],
            "type": "contour"
           }
          ],
          "contourcarpet": [
           {
            "colorbar": {
             "outlinewidth": 0,
             "ticks": ""
            },
            "type": "contourcarpet"
           }
          ],
          "heatmap": [
           {
            "colorbar": {
             "outlinewidth": 0,
             "ticks": ""
            },
            "colorscale": [
             [
              0,
              "#0d0887"
             ],
             [
              0.1111111111111111,
              "#46039f"
             ],
             [
              0.2222222222222222,
              "#7201a8"
             ],
             [
              0.3333333333333333,
              "#9c179e"
             ],
             [
              0.4444444444444444,
              "#bd3786"
             ],
             [
              0.5555555555555556,
              "#d8576b"
             ],
             [
              0.6666666666666666,
              "#ed7953"
             ],
             [
              0.7777777777777778,
              "#fb9f3a"
             ],
             [
              0.8888888888888888,
              "#fdca26"
             ],
             [
              1,
              "#f0f921"
             ]
            ],
            "type": "heatmap"
           }
          ],
          "heatmapgl": [
           {
            "colorbar": {
             "outlinewidth": 0,
             "ticks": ""
            },
            "colorscale": [
             [
              0,
              "#0d0887"
             ],
             [
              0.1111111111111111,
              "#46039f"
             ],
             [
              0.2222222222222222,
              "#7201a8"
             ],
             [
              0.3333333333333333,
              "#9c179e"
             ],
             [
              0.4444444444444444,
              "#bd3786"
             ],
             [
              0.5555555555555556,
              "#d8576b"
             ],
             [
              0.6666666666666666,
              "#ed7953"
             ],
             [
              0.7777777777777778,
              "#fb9f3a"
             ],
             [
              0.8888888888888888,
              "#fdca26"
             ],
             [
              1,
              "#f0f921"
             ]
            ],
            "type": "heatmapgl"
           }
          ],
          "histogram": [
           {
            "marker": {
             "colorbar": {
              "outlinewidth": 0,
              "ticks": ""
             }
            },
            "type": "histogram"
           }
          ],
          "histogram2d": [
           {
            "colorbar": {
             "outlinewidth": 0,
             "ticks": ""
            },
            "colorscale": [
             [
              0,
              "#0d0887"
             ],
             [
              0.1111111111111111,
              "#46039f"
             ],
             [
              0.2222222222222222,
              "#7201a8"
             ],
             [
              0.3333333333333333,
              "#9c179e"
             ],
             [
              0.4444444444444444,
              "#bd3786"
             ],
             [
              0.5555555555555556,
              "#d8576b"
             ],
             [
              0.6666666666666666,
              "#ed7953"
             ],
             [
              0.7777777777777778,
              "#fb9f3a"
             ],
             [
              0.8888888888888888,
              "#fdca26"
             ],
             [
              1,
              "#f0f921"
             ]
            ],
            "type": "histogram2d"
           }
          ],
          "histogram2dcontour": [
           {
            "colorbar": {
             "outlinewidth": 0,
             "ticks": ""
            },
            "colorscale": [
             [
              0,
              "#0d0887"
             ],
             [
              0.1111111111111111,
              "#46039f"
             ],
             [
              0.2222222222222222,
              "#7201a8"
             ],
             [
              0.3333333333333333,
              "#9c179e"
             ],
             [
              0.4444444444444444,
              "#bd3786"
             ],
             [
              0.5555555555555556,
              "#d8576b"
             ],
             [
              0.6666666666666666,
              "#ed7953"
             ],
             [
              0.7777777777777778,
              "#fb9f3a"
             ],
             [
              0.8888888888888888,
              "#fdca26"
             ],
             [
              1,
              "#f0f921"
             ]
            ],
            "type": "histogram2dcontour"
           }
          ],
          "mesh3d": [
           {
            "colorbar": {
             "outlinewidth": 0,
             "ticks": ""
            },
            "type": "mesh3d"
           }
          ],
          "parcoords": [
           {
            "line": {
             "colorbar": {
              "outlinewidth": 0,
              "ticks": ""
             }
            },
            "type": "parcoords"
           }
          ],
          "pie": [
           {
            "automargin": true,
            "type": "pie"
           }
          ],
          "scatter": [
           {
            "marker": {
             "colorbar": {
              "outlinewidth": 0,
              "ticks": ""
             }
            },
            "type": "scatter"
           }
          ],
          "scatter3d": [
           {
            "line": {
             "colorbar": {
              "outlinewidth": 0,
              "ticks": ""
             }
            },
            "marker": {
             "colorbar": {
              "outlinewidth": 0,
              "ticks": ""
             }
            },
            "type": "scatter3d"
           }
          ],
